96 8 4
0 0 0
96 8 4
96 8 4
96 8 4
96 8 4
96 8 4
96 8 4
96 8 3
96 8 5
96 8 6
96 8 4
96 8 4
96 8 3
96 8 4
96 8 5
96 8 4
96 8 4
96 8 5
96 8 4
96 8 4
96 8 4
96 8 4
96 8 4
96 8 4
96 8 4
96 8 4
96 8 4
96 8 4
96 8 4
96 8 4
96 8 4
96 8 4
96 8 4
96 8 4
96 8 4
96 8 4
96 8 4
96 8 4
96 8 4
96 8 4
96 8 4
96 8 4
96 8 4
96 8 4
96 8 4
96 8 4
96 8 4
96 8 4
96 8 4
96 8 4
96 8 4
100 10 4
100 10 4
100 10 4
100 10 4
100 10 4
96 8 4
96 8 4
100 10 4
100 10 4
96 8 4
96 8 4
100 10 4
100 8 4
101 10 4
101 10 4
101 10 4
101 10 4
101 10 4
101 10 4
101 10 4
96 8 4
96 8 4
96 8 4
96 8 4
96 8 4
96 8 4
96 8 4
96 8 4
100 10 4
100 10 4
100 10 4
97 8 4
98 11 4
98 11 4
98 11 4
98 11 4
96 8 4
96 8 4
96 8 6
96 8 6
96 8 6
96 8 6
96 8 6
96 8 6
96 8 6
96 8 6
96 10 6
96 10 5
96 10 5
96 10 5
96 10 5
96 10 5
96 10 5
100 9 4
100 10 5
100 10 5
100 9 5
96 9 5
96 9 5
96 <bound method RuleBase.get_size of <RuleBase.RuleBase object at 0x000001E3C34CE828>> 5
96 <bound method RuleBase.get_size of <RuleBase.RuleBase object at 0x000001A7C3F0A630>> 5
96 <bound method RuleBase.get_size of <RuleBase.RuleBase object at 0x000002EB64E0C6D8>> 5
151 <bound method RuleBase.get_size of <RuleBase.RuleBase object at 0x000001DB3DA3D6D8>> 3
36 8 5
36 8 5
36 8 5
36 8 5
55 8 5
55 8 5
55 8 5
55 8 5
55 8 5
55 8 5
55 8 5
55 8 5
55 8 5
55 8 5
55 8 5
55 8 5
55 8 5
55 8 5
55 8 5
55 8 5
55 8 5
55 8 5
